	S100.8123_S2	S101.8118_S3	S102.8145_S4	S103.8150_S5	S104.8162_S6	S105.8151_S7	S106.8079_S8	S107.8192_S9	S108.8103_S10	S109.8446_S11	S110.8096_S12	S111.8449_S13	S112.8459_S14	S113.8451_S15	S114.8452_S16	S115.8234_S17	S116.8209_S18	S117.8026_S19	S118.8490_S20	S119.8130_S21	S120.8477_S22	S121.8264_S23	S122.8134_S24	S123.8176_S25	S124.8224_S26	S125.8210_S27	S126.8135_S28	S127.8112_S29	S128.8202_S30	S129.8204_S31	S130.8507_S32	S131.8274_S33	S132.8297_S34	S133.8222_S35	S134.8546_S36	S135.8381_S37	S136.8391_S38	S137.8574_S39	S138.8047_S40	S139.8583_S41	S140.8013_S42	S141.8080_S43	S142.8621_S44	S143.8071_S45	S144.8417_S46	S145.8371_S47	S146.8430_S48	S147.8369_S49	S148.8242_S50	S149.8312_S51
S100.8123_S2	0.0	164621.0	214715.0	200057.0	196981.0	193963.0	165371.0	208765.0	213588.0	206975.0	224081.0	186288.0	186170.0	236356.0	228798.0	183823.0	186314.0	184015.0	223545.0	159697.0	172063.0	167061.0	132457.0	130174.0	136547.0	160084.0	186130.0	161158.0	198119.0	188263.0	144929.0	231620.0	211918.0	176039.0	192112.0	169696.0	186725.0	149656.0	154625.0	217391.0	195268.0	180008.0	175741.0	199834.0	166095.0	199952.0	171420.0	235579.0	192492.0	260477.0
S101.8118_S3	164621.0	0.0	169056.0	135900.0	212752.0	192116.0	143018.0	187808.0	179565.0	140324.0	216238.0	157203.0	147951.0	177299.0	177461.0	134474.0	171961.0	145936.0	170274.0	111162.0	128072.0	118162.0	95912.0	133679.0	135792.0	122613.0	122339.0	132159.0	162410.0	152218.0	95796.0	166239.0	138689.0	161836.0	163885.0	150349.0	151420.0	109841.0	103606.0	174512.0	187081.0	163829.0	172156.0	132719.0	166580.0	125023.0	121623.0	186102.0	202807.0	190244.0
S102.8145_S4	214715.0	169056.0	0.0	179446.0	254704.0	225138.0	168046.0	214718.0	235017.0	197790.0	238162.0	195809.0	157047.0	147915.0	201007.0	184568.0	199521.0	196346.0	193286.0	125964.0	164360.0	151574.0	115120.0	165245.0	173896.0	144179.0	147813.0	161315.0	186682.0	171044.0	115104.0	127291.0	164075.0	197532.0	177897.0	184127.0	214490.0	158523.0	120330.0	200566.0	208471.0	213331.0	228954.0	175477.0	196594.0	185179.0	154845.0	207936.0	232083.0	149768.0
S103.8150_S5	200057.0	135900.0	179446.0	0.0	222380.0	207934.0	154576.0	203508.0	204073.0	159182.0	229666.0	178297.0	165329.0	167287.0	198781.0	161560.0	188221.0	174930.0	169688.0	114668.0	134224.0	125672.0	104906.0	157705.0	156566.0	145319.0	131269.0	146889.0	165648.0	164030.0	108672.0	156715.0	141869.0	181336.0	171009.0	161755.0	183598.0	135063.0	121766.0	172416.0	193757.0	189693.0	208846.0	124827.0	189420.0	164279.0	127741.0	182972.0	213705.0	186850.0
S104.8162_S6	196981.0	212752.0	254704.0	222380.0	0.0	226298.0	199972.0	222010.0	197795.0	221844.0	223612.0	230887.0	241479.0	274755.0	251773.0	217552.0	232581.0	227948.0	256770.0	198162.0	213122.0	202746.0	171636.0	186765.0	182368.0	193837.0	217157.0	206059.0	229186.0	225574.0	185080.0	270067.0	248333.0	201258.0	212617.0	211889.0	209596.0	198899.0	200852.0	254008.0	209911.0	211911.0	220830.0	239861.0	222742.0	237405.0	210695.0	273830.0	206197.0	299772.0
S105.8151_S7	193963.0	192116.0	225138.0	207934.0	226298.0	0.0	172388.0	195776.0	223287.0	221526.0	218882.0	212859.0	190575.0	237563.0	232337.0	210358.0	202997.0	196930.0	236192.0	161428.0	182820.0	180790.0	130490.0	169627.0	162200.0	169375.0	199591.0	172957.0	212396.0	190094.0	147454.0	234457.0	223049.0	185896.0	194113.0	178583.0	204320.0	163921.0	164778.0	221172.0	228365.0	192631.0	218224.0	209015.0	190026.0	213213.0	183343.0	240592.0	196137.0	267306.0
S106.8079_S8	165371.0	143018.0	168046.0	154576.0	199972.0	172388.0	0.0	170062.0	190495.0	180468.0	191704.0	151299.0	150619.0	180595.0	190011.0	173786.0	153157.0	138440.0	174312.0	104710.0	119176.0	127026.0	74246.0	130403.0	126700.0	124161.0	139019.0	118047.0	160576.0	113002.0	90414.0	175745.0	162917.0	138818.0	129383.0	142427.0	151174.0	112255.0	100734.0	161708.0	195673.0	168583.0	174360.0	154355.0	138400.0	156255.0	127883.0	183470.0	169517.0	208300.0
S107.8192_S9	208765.0	187808.0	214718.0	203508.0	222010.0	195776.0	170062.0	0.0	157871.0	205294.0	218788.0	202471.0	196887.0	232833.0	216487.0	184140.0	204123.0	189094.0	228644.0	157122.0	174158.0	169952.0	125418.0	158495.0	158882.0	174821.0	192351.0	167093.0	212316.0	177390.0	141178.0	227863.0	214919.0	144604.0	184143.0	190581.0	186680.0	163003.0	160212.0	215956.0	204815.0	171235.0	201606.0	207485.0	195674.0	209387.0	171157.0	236522.0	154909.0	258480.0
S108.8103_S10	213588.0	179565.0	235017.0	204073.0	197795.0	223287.0	190495.0	157871.0	0.0	201695.0	230197.0	205304.0	210116.0	250026.0	231080.0	179893.0	223722.0	203167.0	231785.0	175181.0	190595.0	184489.0	149625.0	172178.0	161081.0	174736.0	196800.0	189764.0	218645.0	196759.0	161533.0	250114.0	221676.0	149581.0	198738.0	198296.0	176173.0	174070.0	180443.0	234921.0	206230.0	188706.0	221837.0	214712.0	211441.0	208130.0	175388.0	256279.0	167568.0	269029.0
S109.8446_S11	206975.0	140324.0	197790.0	159182.0	221844.0	221526.0	180468.0	205294.0	201695.0	0.0	233520.0	189507.0	178165.0	210209.0	186107.0	149154.0	210221.0	150764.0	195296.0	140376.0	154250.0	148802.0	138360.0	162889.0	161138.0	155591.0	154197.0	175425.0	188666.0	179828.0	137224.0	195695.0	168693.0	182762.0	200779.0	169573.0	166974.0	153447.0	143302.0	207306.0	185339.0	176187.0	195742.0	129283.0	189228.0	165759.0	147525.0	220094.0	220247.0	212548.0
S110.8096_S12	224081.0	216238.0	238162.0	229666.0	223612.0	218882.0	191704.0	218788.0	230197.0	233520.0	0.0	216539.0	224747.0	265583.0	254257.0	225762.0	217285.0	218456.0	243078.0	189588.0	195670.0	201162.0	160118.0	167615.0	172340.0	191663.0	216193.0	192347.0	223020.0	218858.0	176440.0	259661.0	244983.0	196886.0	205817.0	212693.0	215584.0	195549.0	191140.0	248822.0	215203.0	207039.0	237130.0	238335.0	218294.0	235209.0	207573.0	262484.0	244289.0	277682.0
S111.8449_S13	186288.0	157203.0	195809.0	178297.0	230887.0	212859.0	151299.0	202471.0	205304.0	189507.0	216539.0	0.0	156522.0	204172.0	215132.0	178201.0	191396.0	169009.0	195551.0	134999.0	143501.0	134429.0	111567.0	156408.0	155367.0	150474.0	162760.0	145084.0	181377.0	140097.0	121951.0	204268.0	175448.0	180157.0	137534.0	155520.0	168679.0	131780.0	143875.0	191179.0	201500.0	186224.0	195053.0	178150.0	184725.0	176008.0	137196.0	211537.0	209796.0	208353.0
S112.8459_S14	186170.0	147951.0	157047.0	165329.0	241479.0	190575.0	150619.0	196887.0	210116.0	178165.0	224747.0	156522.0	0.0	175750.0	190470.0	161683.0	178164.0	170511.0	180785.0	109821.0	143707.0	121991.0	97731.0	144766.0	153671.0	135012.0	133442.0	146126.0	164103.0	135861.0	98441.0	166892.0	155434.0	168805.0	166036.0	151096.0	179795.0	127496.0	111923.0	175989.0	186374.0	185196.0	200165.0	163328.0	170661.0	164888.0	130070.0	190223.0	202486.0	191131.0
S113.8451_S15	236356.0	177299.0	147915.0	167287.0	274755.0	237563.0	180595.0	232833.0	250026.0	210209.0	265583.0	204172.0	175750.0	0.0	184712.0	186713.0	212868.0	205929.0	217189.0	116917.0	165349.0	163009.0	116803.0	189022.0	191299.0	151026.0	155558.0	174682.0	210583.0	190675.0	118317.0	105594.0	134144.0	211739.0	196176.0	185584.0	225351.0	167800.0	125383.0	166971.0	218772.0	226860.0	237437.0	184860.0	214745.0	202028.0	146350.0	211215.0	247776.0	141993.0
S114.8452_S16	228798.0	177461.0	201007.0	198781.0	251773.0	232337.0	190011.0	216487.0	231080.0	186107.0	254257.0	215132.0	190470.0	184712.0	0.0	165821.0	223920.0	193329.0	230335.0	149743.0	180531.0	176759.0	145447.0	178870.0	175607.0	148456.0	184004.0	183440.0	212627.0	205713.0	151277.0	212524.0	165090.0	199647.0	206808.0	201908.0	200691.0	170744.0	139219.0	220893.0	199752.0	201004.0	217481.0	179440.0	204429.0	209198.0	172510.0	241527.0	230756.0	238725.0
S115.8234_S17	183823.0	134474.0	184568.0	161560.0	217552.0	210358.0	173786.0	184140.0	179893.0	149154.0	225762.0	178201.0	161683.0	186713.0	165821.0	0.0	200551.0	169954.0	195116.0	140222.0	165838.0	135248.0	132478.0	160831.0	139572.0	132525.0	152991.0	170633.0	188374.0	168834.0	135056.0	189973.0	154761.0	166750.0	196883.0	167129.0	152816.0	147523.0	113888.0	211786.0	168023.0	163113.0	197264.0	160487.0	196468.0	172971.0	147475.0	221214.0	205595.0	215884.0
S116.8209_S18	186314.0	171961.0	199521.0	188221.0	232581.0	202997.0	153157.0	204123.0	223722.0	210221.0	217285.0	191396.0	178164.0	212868.0	223920.0	200551.0	0.0	184617.0	206975.0	137473.0	151613.0	159723.0	106027.0	150550.0	149351.0	155380.0	166830.0	144230.0	177555.0	158575.0	123007.0	207220.0	199294.0	179493.0	170814.0	174850.0	192087.0	145034.0	140711.0	194383.0	212776.0	184652.0	194093.0	186564.0	180125.0	186136.0	155408.0	210357.0	202966.0	241681.0
S117.8026_S19	184015.0	145936.0	196346.0	174930.0	227948.0	196930.0	138440.0	189094.0	203167.0	150764.0	218456.0	169009.0	170511.0	205929.0	193329.0	169954.0	184617.0	0.0	189488.0	131642.0	136008.0	146136.0	113438.0	148183.0	145460.0	145411.0	161139.0	157965.0	182998.0	156646.0	121664.0	199041.0	181295.0	161190.0	176455.0	159687.0	145646.0	129825.0	122352.0	193358.0	197901.0	166547.0	172770.0	152851.0	130162.0	163753.0	151099.0	212316.0	189177.0	226934.0
S118.8490_S20	223545.0	170274.0	193286.0	169688.0	256770.0	236192.0	174312.0	228644.0	231785.0	195296.0	243078.0	195551.0	180785.0	217189.0	230335.0	195116.0	206975.0	189488.0	0.0	132312.0	166970.0	144414.0	129342.0	180701.0	179560.0	156389.0	166487.0	168551.0	188282.0	166754.0	126616.0	190569.0	198099.0	198364.0	188203.0	167759.0	218574.0	157259.0	146364.0	213422.0	226325.0	218943.0	232122.0	172283.0	210100.0	189011.0	164253.0	217984.0	231831.0	216548.0
S119.8130_S21	159697.0	111162.0	125964.0	114668.0	198162.0	161428.0	104710.0	157122.0	175181.0	140376.0	189588.0	134999.0	109821.0	116917.0	149743.0	140222.0	137473.0	131642.0	132312.0	0.0	94962.0	94770.0	46416.0	114917.0	115940.0	94611.0	93481.0	100717.0	139120.0	117198.0	50228.0	116247.0	104019.0	135628.0	119717.0	103207.0	153726.0	94819.0	69072.0	123970.0	159157.0	152575.0	165476.0	116775.0	139738.0	130247.0	85339.0	154720.0	171235.0	142304.0
S120.8477_S22	172063.0	128072.0	164360.0	134224.0	213122.0	182820.0	119176.0	174158.0	190595.0	154250.0	195670.0	143501.0	143707.0	165349.0	180531.0	165838.0	151613.0	136008.0	166970.0	94962.0	0.0	114844.0	78432.0	119225.0	130060.0	125855.0	124087.0	112377.0	148182.0	137492.0	85402.0	162355.0	141907.0	154692.0	149575.0	137195.0	168856.0	113209.0	99056.0	140260.0	173095.0	144825.0	157846.0	140943.0	149974.0	143887.0	111645.0	157932.0	192959.0	191064.0
S121.8264_S23	167061.0	118162.0	151574.0	125672.0	202746.0	180790.0	127026.0	169952.0	184489.0	148802.0	201162.0	134429.0	121991.0	163009.0	176759.0	135248.0	159723.0	146136.0	144414.0	94770.0	114844.0	0.0	78968.0	127987.0	132096.0	112721.0	109851.0	119425.0	142962.0	109182.0	85362.0	148099.0	135383.0	142242.0	145617.0	125955.0	152944.0	115041.0	95380.0	160576.0	181077.0	168551.0	172854.0	121857.0	161758.0	138121.0	107455.0	161806.0	184087.0	175620.0
S122.8134_S24	132457.0	95912.0	115120.0	104906.0	171636.0	130490.0	74246.0	125418.0	149625.0	138360.0	160118.0	111567.0	97731.0	116803.0	145447.0	132478.0	106027.0	113438.0	129342.0	46416.0	78432.0	78968.0	0.0	85559.0	87426.0	82497.0	86135.0	69755.0	112826.0	87684.0	31744.0	115449.0	111465.0	109646.0	87625.0	95391.0	129238.0	70059.0	60268.0	99250.0	153685.0	127703.0	141652.0	107491.0	112754.0	108131.0	76861.0	125258.0	141159.0	148418.0
S123.8176_S25	130174.0	133679.0	165245.0	157705.0	186765.0	169627.0	130403.0	158495.0	172178.0	162889.0	167615.0	156408.0	144766.0	189022.0	178870.0	160831.0	150550.0	148183.0	180701.0	114917.0	119225.0	127987.0	85559.0	0.0	114829.0	130138.0	138482.0	114836.0	155373.0	142311.0	100973.0	184206.0	166924.0	142185.0	148806.0	140044.0	151139.0	109766.0	109811.0	174121.0	160528.0	148044.0	159683.0	154016.0	135367.0	154226.0	129032.0	186271.0	177672.0	211375.0
S124.8224_S26	136547.0	135792.0	173896.0	156566.0	182368.0	162200.0	126700.0	158882.0	161081.0	161138.0	172340.0	155367.0	153671.0	191299.0	175607.0	139572.0	149351.0	145460.0	179560.0	115940.0	130060.0	132096.0	87426.0	114829.0	0.0	121653.0	143395.0	120599.0	154806.0	147270.0	103162.0	188629.0	170485.0	129942.0	142811.0	147127.0	138736.0	111225.0	113412.0	175210.0	145951.0	137779.0	161898.0	155605.0	153676.0	165263.0	131623.0	192294.0	157839.0	216698.0
S125.8210_S27	160084.0	122613.0	144179.0	145319.0	193837.0	169375.0	124161.0	174821.0	174736.0	155591.0	191663.0	150474.0	135012.0	151026.0	148456.0	132525.0	155380.0	145411.0	156389.0	94611.0	125855.0	112721.0	82497.0	130138.0	121653.0	0.0	126946.0	130876.0	152935.0	141257.0	88221.0	155694.0	122626.0	145701.0	141080.0	128094.0	158091.0	109990.0	84521.0	166711.0	162918.0	156212.0	178055.0	142190.0	143567.0	134590.0	124890.0	188027.0	171528.0	185337.0
S126.8135_S28	186130.0	122339.0	147813.0	131269.0	217157.0	199591.0	139019.0	192351.0	196800.0	154197.0	216193.0	162760.0	133442.0	155558.0	184004.0	152991.0	166830.0	161139.0	166487.0	93481.0	124087.0	109851.0	86135.0	138482.0	143395.0	126946.0	0.0	133166.0	153747.0	141161.0	87669.0	144976.0	127258.0	165969.0	157230.0	145668.0	174139.0	118900.0	103831.0	148305.0	187548.0	170374.0	187605.0	126288.0	173781.0	139694.0	106892.0	167485.0	207170.0	167093.0
S127.8112_S29	161158.0	132159.0	161315.0	146889.0	206059.0	172957.0	118047.0	167093.0	189764.0	175425.0	192347.0	145084.0	146126.0	174682.0	183440.0	170633.0	144230.0	157965.0	168551.0	100717.0	112377.0	119425.0	69755.0	114836.0	120599.0	130876.0	133166.0	0.0	154619.0	133485.0	85921.0	171138.0	160174.0	155171.0	125532.0	140958.0	164211.0	107630.0	103543.0	155909.0	177076.0	157738.0	179887.0	152566.0	150515.0	152646.0	120290.0	166377.0	183718.0	195167.0
S128.8202_S30	198119.0	162410.0	186682.0	165648.0	229186.0	212396.0	160576.0	212316.0	218645.0	188666.0	223020.0	181377.0	164103.0	210583.0	212627.0	188374.0	177555.0	182998.0	188282.0	139120.0	148182.0	142962.0	112826.0	155373.0	154806.0	152935.0	153747.0	154619.0	0.0	161446.0	125926.0	192761.0	191123.0	191544.0	172931.0	170145.0	195852.0	146587.0	137848.0	196324.0	218957.0	193959.0	210996.0	165221.0	191156.0	169977.0	146845.0	197632.0	210169.0	220108.0
S129.8204_S31	188263.0	152218.0	171044.0	164030.0	225574.0	190094.0	113002.0	177390.0	196759.0	179828.0	218858.0	140097.0	135861.0	190675.0	205713.0	168834.0	158575.0	156646.0	166754.0	117198.0	137492.0	109182.0	87684.0	142311.0	147270.0	141257.0	141161.0	133485.0	161446.0	0.0	100776.0	176731.0	175269.0	165778.0	154409.0	141025.0	175374.0	125227.0	122430.0	176702.0	204395.0	168651.0	180242.0	159469.0	170552.0	162151.0	134731.0	184522.0	190973.0	205724.0
S130.8507_S32	144929.0	95796.0	115104.0	108672.0	185080.0	147454.0	90414.0	141178.0	161533.0	137224.0	176440.0	121951.0	98441.0	118317.0	151277.0	135056.0	123007.0	121664.0	126616.0	50228.0	85402.0	85362.0	31744.0	100973.0	103162.0	88221.0	87669.0	85921.0	125926.0	100776.0	0.0	115063.0	110277.0	122918.0	103733.0	105135.0	140508.0	75395.0	69666.0	116030.0	158647.0	141089.0	153070.0	112035.0	126888.0	112383.0	79991.0	141372.0	156211.0	148058.0
S131.8274_S33	231620.0	166239.0	127291.0	156715.0	270067.0	234457.0	175745.0	227863.0	250114.0	195695.0	259661.0	204268.0	166892.0	105594.0	212524.0	189973.0	207220.0	199041.0	190569.0	116247.0	162355.0	148099.0	115449.0	184206.0	188629.0	155694.0	144976.0	171138.0	192761.0	176731.0	115063.0	0.0	141916.0	209491.0	192604.0	180680.0	221145.0	167644.0	124323.0	182569.0	217670.0	224860.0	235817.0	160598.0	212097.0	192564.0	147812.0	192029.0	244128.0	117933.0
S132.8297_S34	211918.0	138689.0	164075.0	141869.0	248333.0	223049.0	162917.0	214919.0	221676.0	168693.0	244983.0	175448.0	155434.0	134144.0	165090.0	154761.0	199294.0	181295.0	198099.0	104019.0	141907.0	135383.0	111465.0	166924.0	170485.0	122626.0	127258.0	160174.0	191123.0	175269.0	110277.0	141916.0	0.0	188633.0	180922.0	166736.0	194217.0	139282.0	114351.0	177129.0	191708.0	200618.0	206315.0	151368.0	197917.0	172776.0	117508.0	200935.0	230478.0	170943.0
S133.8222_S35	176039.0	161836.0	197532.0	181336.0	201258.0	185896.0	138818.0	144604.0	149581.0	182762.0	196886.0	180157.0	168805.0	211739.0	199647.0	166750.0	179493.0	161190.0	198364.0	135628.0	154692.0	142242.0	109646.0	142185.0	129942.0	145701.0	165969.0	155171.0	191544.0	165778.0	122918.0	209491.0	188633.0	0.0	167893.0	170079.0	157572.0	133641.0	141150.0	196452.0	175691.0	165607.0	175536.0	180341.0	169104.0	186915.0	151793.0	215680.0	148097.0	238394.0
S134.8546_S36	192112.0	163885.0	177897.0	171009.0	212617.0	194113.0	129383.0	184143.0	198738.0	200779.0	205817.0	137534.0	166036.0	196176.0	206808.0	196883.0	170814.0	176455.0	188203.0	119717.0	149575.0	145617.0	87625.0	148806.0	142811.0	141080.0	157230.0	125532.0	172931.0	154409.0	103733.0	192604.0	180922.0	167893.0	0.0	164910.0	181031.0	132526.0	130865.0	179279.0	201492.0	189630.0	203489.0	178948.0	172483.0	175812.0	144900.0	200593.0	188698.0	216385.0
S135.8381_S37	169696.0	150349.0	184127.0	161755.0	211889.0	178583.0	142427.0	190581.0	198296.0	169573.0	212693.0	155520.0	151096.0	185584.0	201908.0	167129.0	174850.0	159687.0	167759.0	103207.0	137195.0	125955.0	95391.0	140044.0	147127.0	128094.0	145668.0	140958.0	170145.0	141025.0	105135.0	180680.0	166736.0	170079.0	164910.0	0.0	172735.0	124036.0	123163.0	174269.0	209482.0	164220.0	191547.0	154818.0	159513.0	163142.0	129302.0	199931.0	189326.0	202341.0
S136.8391_S38	186725.0	151420.0	214490.0	183598.0	209596.0	204320.0	151174.0	186680.0	176173.0	166974.0	215584.0	168679.0	179795.0	225351.0	200691.0	152816.0	192087.0	145646.0	218574.0	153726.0	168856.0	152944.0	129238.0	151139.0	138736.0	158091.0	174139.0	164211.0	195852.0	175374.0	140508.0	221145.0	194217.0	157572.0	181031.0	172735.0	0.0	147889.0	156758.0	213124.0	200313.0	158753.0	199020.0	179889.0	149344.0	168673.0	156921.0	233628.0	174697.0	241838.0
S137.8574_S39	149656.0	109841.0	158523.0	135063.0	198899.0	163921.0	112255.0	163003.0	174070.0	153447.0	195549.0	131780.0	127496.0	167800.0	170744.0	147523.0	145034.0	129825.0	157259.0	94819.0	113209.0	115041.0	70059.0	109766.0	111225.0	109990.0	118900.0	107630.0	146587.0	125227.0	75395.0	167644.0	139282.0	133641.0	132526.0	124036.0	147889.0	0.0	94911.0	155215.0	173162.0	150158.0	156629.0	137424.0	139849.0	131246.0	105348.0	176347.0	167478.0	189929.0
S138.8047_S40	154625.0	103606.0	120330.0	121766.0	200852.0	164778.0	100734.0	160212.0	180443.0	143302.0	191140.0	143875.0	111923.0	125383.0	139219.0	113888.0	140711.0	122352.0	146364.0	69072.0	99056.0	95380.0	60268.0	109811.0	113412.0	84521.0	103831.0	103543.0	137848.0	122430.0	69666.0	124323.0	114351.0	141150.0	130865.0	123163.0	156758.0	94911.0	0.0	143432.0	152811.0	152473.0	163472.0	115329.0	135446.0	127461.0	104985.0	157976.0	174303.0	161956.0
S139.8583_S41	217391.0	174512.0	200566.0	172416.0	254008.0	221172.0	161708.0	215956.0	234921.0	207306.0	248822.0	191179.0	175989.0	166971.0	220893.0	211786.0	194383.0	193358.0	213422.0	123970.0	140260.0	160576.0	99250.0	174121.0	175210.0	166711.0	148305.0	155909.0	196324.0	176702.0	116030.0	182569.0	177129.0	196452.0	179279.0	174269.0	213124.0	155215.0	143432.0	0.0	225681.0	209905.0	215716.0	178693.0	198704.0	189385.0	148051.0	176892.0	231301.0	209886.0
S140.8013_S42	195268.0	187081.0	208471.0	193757.0	209911.0	228365.0	195673.0	204815.0	206230.0	185339.0	215203.0	201500.0	186374.0	218772.0	199752.0	168023.0	212776.0	197901.0	226325.0	159157.0	173095.0	181077.0	153685.0	160528.0	145951.0	162918.0	187548.0	177076.0	218957.0	204395.0	158647.0	217670.0	191708.0	175691.0	201492.0	209482.0	200313.0	173162.0	152811.0	225681.0	0.0	186694.0	195951.0	208054.0	211553.0	216138.0	182898.0	240493.0	208930.0	236137.0
S141.8080_S43	180008.0	163829.0	213331.0	189693.0	211911.0	192631.0	168583.0	171235.0	188706.0	176187.0	207039.0	186224.0	185196.0	226860.0	201004.0	163113.0	184652.0	166547.0	218943.0	152575.0	144825.0	168551.0	127703.0	148044.0	137779.0	156212.0	170374.0	157738.0	193959.0	168651.0	141089.0	224860.0	200618.0	165607.0	189630.0	164220.0	158753.0	150158.0	152473.0	209905.0	186694.0	0.0	186033.0	181710.0	158091.0	180104.0	158572.0	213393.0	193584.0	249401.0
S142.8621_S44	175741.0	172156.0	228954.0	208846.0	220830.0	218224.0	174360.0	201606.0	221837.0	195742.0	237130.0	195053.0	200165.0	237437.0	217481.0	197264.0	194093.0	172770.0	232122.0	165476.0	157846.0	172854.0	141652.0	159683.0	161898.0	178055.0	187605.0	179887.0	210996.0	180242.0	153070.0	235817.0	206315.0	175536.0	203489.0	191547.0	199020.0	156629.0	163472.0	215716.0	195951.0	186033.0	0.0	202703.0	179108.0	201727.0	180577.0	238126.0	207803.0	264506.0
S143.8071_S45	199834.0	132719.0	175477.0	124827.0	239861.0	209015.0	154355.0	207485.0	214712.0	129283.0	238335.0	178150.0	163328.0	184860.0	179440.0	160487.0	186564.0	152851.0	172283.0	116775.0	140943.0	121857.0	107491.0	154016.0	155605.0	142190.0	126288.0	152566.0	165221.0	159469.0	112035.0	160598.0	151368.0	180341.0	178948.0	154818.0	179889.0	137424.0	115329.0	178693.0	208054.0	181710.0	202703.0	0.0	177699.0	155748.0	130632.0	178471.0	221004.0	185199.0
S144.8417_S46	166095.0	166580.0	196594.0	189420.0	222742.0	190026.0	138400.0	195674.0	211441.0	189228.0	218294.0	184725.0	170661.0	214745.0	204429.0	196468.0	180125.0	130162.0	210100.0	139738.0	149974.0	161758.0	112754.0	135367.0	153676.0	143567.0	173781.0	150515.0	191156.0	170552.0	126888.0	212097.0	197917.0	169104.0	172483.0	159513.0	149344.0	139849.0	135446.0	198704.0	211553.0	158091.0	179108.0	177699.0	0.0	182485.0	160059.0	221760.0	179853.0	241718.0
S145.8371_S47	199952.0	125023.0	185179.0	164279.0	237405.0	213213.0	156255.0	209387.0	208130.0	165759.0	235209.0	176008.0	164888.0	202028.0	209198.0	172971.0	186136.0	163753.0	189011.0	130247.0	143887.0	138121.0	108131.0	154226.0	165263.0	134590.0	139694.0	152646.0	169977.0	162151.0	112383.0	192564.0	172776.0	186915.0	175812.0	163142.0	168673.0	131246.0	127461.0	189385.0	216138.0	180104.0	201727.0	155748.0	182485.0	0.0	148898.0	201739.0	224264.0	214593.0
S146.8430_S48	171420.0	121623.0	154845.0	127741.0	210695.0	183343.0	127883.0	171157.0	175388.0	147525.0	207573.0	137196.0	130070.0	146350.0	172510.0	147475.0	155408.0	151099.0	164253.0	85339.0	111645.0	107455.0	76861.0	129032.0	131623.0	124890.0	106892.0	120290.0	146845.0	134731.0	79991.0	147812.0	117508.0	151793.0	144900.0	129302.0	156921.0	105348.0	104985.0	148051.0	182898.0	158572.0	180577.0	130632.0	160059.0	148898.0	0.0	168053.0	179864.0	167365.0
S147.8369_S49	235579.0	186102.0	207936.0	182972.0	273830.0	240592.0	183470.0	236522.0	256279.0	220094.0	262484.0	211537.0	190223.0	211215.0	241527.0	221214.0	210357.0	212316.0	217984.0	154720.0	157932.0	161806.0	125258.0	186271.0	192294.0	188027.0	167485.0	166377.0	197632.0	184522.0	141372.0	192029.0	200935.0	215680.0	200593.0	199931.0	233628.0	176347.0	157976.0	176892.0	240493.0	213393.0	238126.0	178471.0	221760.0	201739.0	168053.0	0.0	251487.0	215370.0
S148.8242_S50	192492.0	202807.0	232083.0	213705.0	206197.0	196137.0	169517.0	154909.0	167568.0	220247.0	244289.0	209796.0	202486.0	247776.0	230756.0	205595.0	202966.0	189177.0	231831.0	171235.0	192959.0	184087.0	141159.0	177672.0	157839.0	171528.0	207170.0	183718.0	210169.0	190973.0	156211.0	244128.0	230478.0	148097.0	188698.0	189326.0	174697.0	167478.0	174303.0	231301.0	208930.0	193584.0	207803.0	221004.0	179853.0	224264.0	179864.0	251487.0	0.0	275935.0
S149.8312_S51	260477.0	190244.0	149768.0	186850.0	299772.0	267306.0	208300.0	258480.0	269029.0	212548.0	277682.0	208353.0	191131.0	141993.0	238725.0	215884.0	241681.0	226934.0	216548.0	142304.0	191064.0	175620.0	148418.0	211375.0	216698.0	185337.0	167093.0	195167.0	220108.0	205724.0	148058.0	117933.0	170943.0	238394.0	216385.0	202341.0	241838.0	189929.0	161956.0	209886.0	236137.0	249401.0	264506.0	185199.0	241718.0	214593.0	167365.0	215370.0	275935.0	0.0
